# Operacje

info<-c(10,20,30,40,50,100,300,500)
floatRes1<-c(0,0,0,0,0,0,4,12)
doubleRes1<-c(0,0,0,0,0,0,4,12)
fractionRes1<-c(1,1,1,3,6,24,NA,NA)
libraryRes1<-c(11,0,0,0,0,0,18,2)

floatRes2<-c(0,1,7,7,26,221,13018,91414)
doubleRes2<-c(0,1,7,5,24,190,12771,88866)
fractionRes2<-c(4,6,8,14,35,285,NA,NA)
libraryRes2<-c(0,0,0,0,0,2,15,2)

floatRes3<-c(1,6,12,11,27,315,16202,112986)
doubleRes3<-c(1,6,14,8,27,253,19226,115314)
fractionRes3<-c(23,186,785,2875,8518,245850,NA,NA)
libraryRes3<-c(0,0,0,0,0,2,15,2)

# Gauss

info<-c(10,20,30,40,50,100,300,500)
floatResG<-c(0,1,3,7,15,13,367,2050)
doubleResG<-c(0,1,3,1,3,20,368,1890)
fractionResG<-c(13,563,6768,42166,174926,NA,NA,NA)
libraryResG<-c(5,0,0,0,1,1,22,34)

floatResPG<-c(0,1,3,6,12,45,1505,6319)
doubleResPG<-c(0,1,3,2,12,41,1604,6032)
fractionResPG<-c(12,579,7561,46651,192599,NA,NA,NA)
libraryResG<-c(5,0,0,0,1,1,22,34)

floatResFG<-c(0,1,3,6,4,49,1824,7289)
doubleResFG<-c(0,1,4,3,4,51,1915,7637)
fractionResFG<-c(12,571,7517,46254,192025)
libraryResFG<-c(0,0,0,0,0,2,15,2)
